epoch	accuracy	loss
1	0.501	0.897
2	0.503	0.896
3	0.505	0.894
4	0.507	0.892
5	0.508	0.889
6	0.508	0.886
7	0.510	0.882
8	0.511	0.878
9	0.514	0.876
10	0.516	0.874
11	0.519	0.872
12	0.522	0.872
13	0.527	0.869
14	0.528	0.864
15	0.529	0.861
16	0.533	0.860
17	0.538	0.856
18	0.540	0.852
19	0.541	0.848
20	0.544	0.848
21	0.546	0.845
22	0.550	0.841
23	0.554	0.839
24	0.558	0.836
25	0.561	0.834
26	0.564	0.831
27	0.566	0.829
28	0.569	0.825
29	0.573	0.822
30	0.574	0.822
31	0.577	0.818
32	0.580	0.816
33	0.581	0.815
34	0.585	0.814
35	0.588	0.809
36	0.593	0.807
37	0.596	0.804
38	0.601	0.801
39	0.601	0.801
40	0.604	0.797
41	0.607	0.792
42	0.612	0.792
43	0.616	0.790
44	0.619	0.787
45	0.620	0.783
46	0.621	0.779
47	0.626	0.778
48	0.628	0.777
49	0.631	0.773
50	0.635	0.773
51	0.637	0.770
52	0.639	0.766
53	0.641	0.765
54	0.646	0.762
55	0.648	0.761
56	0.651	0.760
57	0.651	0.755
58	0.652	0.753
59	0.655	0.753
60	0.655	0.753
61	0.656	0.749
62	0.660	0.745
63	0.665	0.743
64	0.668	0.742
65	0.670	0.739
66	0.675	0.738
67	0.676	0.734
68	0.680	0.732
69	0.680	0.730
70	0.682	0.726
71	0.687	0.721
72	0.689	0.716
73	0.693	0.714
74	0.697	0.712
75	0.699	0.707
76	0.701	0.706
77	0.706	0.703
78	0.707	0.698
79	0.708	0.697
80	0.710	0.692
81	0.712	0.687
82	0.713	0.687
83	0.714	0.683
84	0.717	0.679
85	0.718	0.678
86	0.719	0.678
87	0.720	0.675
88	0.723	0.671
89	0.723	0.668
90	0.726	0.664
91	0.729	0.660
92	0.731	0.657
93	0.733	0.653
94	0.734	0.650
95	0.737	0.647
96	0.739	0.647
97	0.743	0.645
98	0.746	0.641
99	0.747	0.637
100	0.748	0.635
